Plage Principale : 172.16.0.0/20

11111111.11111111.11110000.00000000
255     .255     .248     .0

RPatient :    172.16.0.0/24  -> 172.16.0.255
RVisiteur :   172.16.3.32/26 -> 172.16.3.63
REnseignant : 172.16.4.0/22  -> 172.16.7.255
REtudiant :   172.16.8.0/22  -> 172.16.11.255 
RCompta :     172.16.1.0/24  -> 172.16.1.255
RSoignant :   172.16.12.0/22 -> 172.16.15.255
RS :          172.16.3.16/28 -> 172.16.3.31 
RDSI :        172.16.2.0/24  -> 172.16.2.255