Plage Principale : 172.16.0.0/20

11111111.11111111.11110000.00000000
255     .255     .248     .0

RPatient :    172.16.0.0/24  -> 172.16.0.254
RVisiteur :   172.16.3.32/26 -> 172.16.3.62
REnseignant : 172.16.4.0/22  -> 172.16.7.254
REtudiant :   172.16.8.0/22  -> 172.16.11.254 
RCompta :     172.16.1.0/24  -> 172.16.1.254
RSoignant :   172.16.12.0/22 -> 172.16.15.254
RS :          172.16.3.16/28 -> 172.16.3.30
RDSI :        172.16.2.0/24  -> 172.16.2.254